SIMULATION RESULTS
| In1 | In2 | In3 | In4 | Out1 | Out2 | 
|  0  |  0  |  0  |  0  |   0  |   1  |
|  0  |  0  |  0  |  1  |   0  |   0  |
|  0  |  0  |  1  |  0  |   0  |   0  |
|  0  |  0  |  1  |  1  |   0  |   0  |
|  0  |  1  |  0  |  0  |   1  |   1  |
|  0  |  1  |  0  |  1  |   1  |   0  |
|  0  |  1  |  1  |  0  |   1  |   0  |
|  0  |  1  |  1  |  1  |   1  |   0  |
|  1  |  0  |  0  |  0  |   1  |   1  |
|  1  |  0  |  0  |  1  |   1  |   0  |
|  1  |  0  |  1  |  0  |   1  |   0  |
|  1  |  0  |  1  |  1  |   1  |   0  |
|  1  |  1  |  0  |  0  |   1  |   1  |
|  1  |  1  |  0  |  1  |   1  |   0  |
|  1  |  1  |  1  |  0  |   1  |   0  |
|  1  |  1  |  1  |  1  |   1  |   0  |

TIMING DIAGRAM
In1:  ________________________------------------------
In2:  ____________------------____________------------
Out1: ____________------------------------------------
In3:  ______------______------______------______------
In4:  ___---___---___---___---___---___---___---___---
Out2: ---_________---_________---_________---_________

